year	month	SPI1_MV	SPI1_AG	SPEI1	SPI3_MV	SPI3_AG	SPEI3	SPI6_MV	SPI6_AG	SPEI6	SPI9_MV	SPI9_AG	SPEI9	SPI12_MV	SPI12_AG	SPEI12	VCI
2000	3	0.512628109	0.399951381	0.474527011	1.124966497	1.075925215	1.316801861	0.739802025	0.699908402	0.90788721	0.886091982	0.869314758	1.135328365	1.103343658	1.14365106	1.329076774	0.555554519
2000	4	-0.450915539	-0.40163518	-0.339062411	0.443978082	0.354363828	0.514590003	0.672424761	0.585914791	0.713194135	0.725294547	0.675752737	0.89273919	0.866867986	0.857620687	1.116766845	0.461239331
2000	5	1.568647965	1.446931464	1.592450259	0.564385893	0.411706502	0.461872441	0.944096796	0.87094369	1.090535016	0.918594359	0.898365187	1.175467063	0.902907926	0.864470938	1.109995838	0.567480873
2000	6	-0.569319312	-0.455839203	-0.381008447	0.354736045	0.231212278	0.194600808	1.101512064	0.993033962	1.219027702	0.736168038	0.657109967	0.838340814	0.874656147	0.837796099	1.058581286	0.338716
2000	7	1.125711763	0.972101318	1.010575187	1.330719609	1.193747721	1.11034867	0.783154113	0.675260208	0.81346968	0.856442382	0.759956652	0.916066654	0.889731763	0.836489367	1.076664987	0.670066916
2000	8	1.786373401	1.678402328	0.678556242	1.265190776	1.176836621	0.463728289	0.856396755	0.675081802	0.577859777	1.08592238	1.001878619	1.110882577	1.044529207	1.02134074	1.18912368	0.530342989
2000	9	0.132129193	0.064340832	-1.053635635	0.926465342	0.740707777	-0.128849193	0.734181659	0.554254486	0.076982674	1.209675728	1.08862494	1.028609052	0.846276512	0.763715037	0.702100624	0.381085199
2000	10	0.617865275	0.518601963	-0.116696356	0.900458604	0.74794483	-0.402181581	1.196528935	1.097094012	0.376624819	1.076568324	0.870924676	0.590113225	1.094293311	0.917431945	0.788596876	0.536115761
2000	11	-0.558349152	-0.465320506	-1.589708792	0.047251011	0.001974376	-1.137318403	0.361451501	0.287789927	-0.789031092	0.609849112	0.538094007	-0.217577061	1.027517816	0.843872196	0.553214226	0.51428007
2000	12	0.730887877	0.670351538	0.307160547	0.472835386	0.414035004	-0.37905013	0.648837925	0.578156824	-0.380446395	0.663110138	0.602760641	-0.148153588	1.136866802	0.961506279	0.617131642	0.234567009
2001	1	1.100010764	1.036051368	1.083391955	0.792496775	0.727655294	0.225990575	0.944012984	0.87449479	0.015154657	1.13335526	1.039959332	0.344144325	1.05419805	0.874907263	0.54830595	0.218956626
2001	2	-0.491935585	-0.617826627	-0.717218625	0.648837629	0.578503968	0.277884257	0.521136404	0.466671523	-0.388887559	0.649536725	0.607813523	-0.277882425	0.770640621	0.701074387	0.141408696	0.359699363
2001	3	0.923381711	0.821396004	0.966170776	0.679130568	0.603539946	0.519293793	0.713776845	0.667060827	0.00971441	0.811418926	0.781168093	-0.025525176	0.834129617	0.839307428	0.158085849	0.485507078
2001	4	-0.16577616	-0.15510773	-0.29885751	0.068017325	-0.063371557	-0.185165387	0.531229587	0.421726426	-0.063479125	0.679168221	0.617635184	-0.218617027	0.842193535	0.827294229	0.049378614	0.513501962
2001	5	0.906631903	0.797039331	-0.107325129	0.715255874	0.557295946	0.291203382	0.769552796	0.68106221	0.360615168	0.645184879	0.569626795	-0.259293206	0.743606009	0.67579301	-0.186419031	0.419697727
2001	6	0.278387829	0.311614454	0.357403066	0.249260997	0.132440229	-0.362799945	0.659497574	0.536337892	0.307528362	0.689189759	0.602385206	-0.11281072	0.783184614	0.729613852	-0.132542745	0.799460464
2001	7	1.381360996	1.189755156	1.042753719	1.049494151	0.936120363	0.346483635	0.319126481	0.224192813	-0.051730878	0.664543976	0.555930225	0.035967245	0.798343479	0.730926097	-0.125554962	0.43237912
2001	8	-0.283982086	-0.21923459	-0.374183338	0.49276664	0.459734591	0.298081155	0.779940132	0.607329686	0.362507481	0.811664104	0.717183992	0.432773309	0.682878249	0.606041099	-0.164976597	0.499385676
2001	9	1.444352853	1.284632326	1.46629183	1.259367435	1.029499902	1.20810483	0.889083453	0.679412393	0.493381058	0.899493866	0.780000862	0.60045624	0.871201671	0.790896296	0.181362818	0.482833963
2001	10	0.151284355	0.035987982	-0.194373737	0.750669485	0.606435034	0.645401004	0.959604698	0.869970684	0.702844047	0.584392564	0.461293238	0.252634445	0.854560383	0.696875987	0.271113941	0.481808651
2001	11	0.741544131	0.71662144	0.797978355	0.937409411	0.76700571	0.878345559	0.890367503	0.743494086	0.841347884	1.131450483	0.988655353	0.868557389	1.095326228	0.90437462	0.743116189	0.548613446
2001	12	0.141369278	-0.054289378	-0.260237335	0.34370854	0.287074119	0.235870473	0.66732468	0.596238412	0.600000252	0.646244536	0.58725189	0.492341632	0.830182171	0.689449575	0.572078637	0.544346782
2002	1	-1.387110961	-1.483320966	-1.461881634	-0.3575928	-0.450442626	-0.682280514	-0.040312219	-0.13028832	-0.359565513	0.159659191	0.092031408	-0.1954972	0.101471462	0.06147642	-0.15302034	0.270093327
2002	2	0.330493899	0.330000351	0.284671225	-0.336122913	-0.529921324	-0.728334767	0.11948236	-0.018986819	-0.226479894	0.157397622	0.042840225	-0.150350312	0.394342122	0.335009758	0.181184937	0.517754749
2002	3	0.702145854	0.594395174	0.538540404	-0.177237951	-0.303918686	-0.490061365	0.072463117	-0.142006232	-0.397136229	0.302591022	0.180622732	-0.077820013	0.321095634	0.259339828	-0.031236744	0.592645302
2002	4	0.743994301	0.631132835	0.71335989	0.704509996	0.64398483	0.583992384	0.193985129	0.029765522	-0.204215414	0.33518377	0.184336068	-0.059006248	0.461368088	0.359258905	0.054080167	0.68069738
2002	5	0.451305039	0.34972175	0.33755461	0.827323207	0.66545012	0.659000036	0.085541731	-0.062747192	-0.278768599	0.376559441	0.246708261	0.016894681	0.39953698	0.268341421	0.059919054	0.636863829
2002	6	0.458523043	0.474699342	0.242394007	0.76059107	0.61135771	0.58685369	0.060889623	-0.081847136	-0.246148874	0.208018469	0.042117489	-0.22526331	0.412321021	0.291053175	0.06452795	0.640090055
2002	7	1.924169326	1.651531596	1.85336072	1.002833199	0.893371509	0.890275235	0.936047362	0.823909669	0.800017958	0.317258752	0.186792439	0.007825551	0.447546649	0.325764336	0.136131605	0.653787921
2002	8	-0.25655758	-0.194103669	-0.154766473	0.896894021	0.834932405	0.749188596	0.999311686	0.801732492	0.865066758	0.174049108	0.055505899	-0.103310426	0.454463681	0.343776001	0.179189334	0.691699441
2002	9	0.702072638	0.594520342	0.766414365	0.888412222	0.707690917	0.984090418	0.984717404	0.756686548	0.951681905	0.249423196	0.133357691	0.028416751	0.336766828	0.208192586	0.012527527	0.652504292
2002	10	0.681718447	0.584658394	0.688423502	0.738789005	0.595211377	0.823730574	0.929979764	0.84157101	1.039232474	1.142149624	0.925515657	1.013094034	0.495798044	0.366873653	0.295856154	0.659552881
2002	11	1.619996757	1.51559774	1.507023583	1.419720594	1.18159399	1.441769084	1.397659163	1.180622882	1.39497742	1.62011935	1.410832382	1.475294033	0.717016964	0.566851283	0.556763281	0.672391584
2002	12	0.497583518	0.383496511	0.271789914	1.17622879	1.10569621	1.199825052	1.208244025	1.125314118	1.284074606	1.306462878	1.19439825	1.301901165	0.771543628	0.637436211	0.669650065	0.608742552
2003	1	-0.542101717	-0.626895449	-0.791802775	0.53575472	0.464725728	0.409253992	0.672253865	0.597062545	0.653594054	0.809408819	0.724548794	0.835918847	0.937970137	0.775651448	0.894100806	0.543556961
2003	2	-0.133320353	-0.204437134	-0.310016234	-0.081185776	-0.242712617	-0.463584222	0.551596313	0.503519236	0.431598914	0.62586936	0.580635501	0.564306128	0.8575825	0.78565904	0.83368381	0.418777567
2003	3	0.770427823	0.664455915	0.657406044	-0.067029908	-0.186994968	-0.370680811	0.618490829	0.546798258	0.43294914	0.716283232	0.668865832	0.657773947	0.828270857	0.832683952	0.813375324	0.468277124
2003	4	0.749371969	0.635779494	0.619374445	0.483332023	0.398107554	0.239551538	0.586815036	0.486361159	0.332196209	0.688766249	0.629728291	0.551267598	0.799893526	0.775304493	0.753421592	0.603959362
2003	5	0.926618305	0.816668752	0.968551901	1.003555412	0.835536088	0.869311436	0.354312525	0.229411057	0.030936992	0.779839674	0.73153047	0.676800297	0.831895505	0.780363547	0.781838711	0.725988964
2003	6	-0.105233698	-0.035773357	-0.311783201	0.902086891	0.743903425	0.648302863	0.208073917	0.070118657	-0.119854753	0.746819277	0.669517689	0.560544912	0.828999983	0.783799166	0.76007293	0.665659203
2003	7	-0.814953876	-0.686102509	-0.846992719	0.443729036	0.381084243	0.134441501	0.55313063	0.451639813	0.266912638	0.624461887	0.513317522	0.363674336	0.721061115	0.641657662	0.553266687	0.583245334
2003	8	0.828523169	0.800467952	0.571573124	0.101910744	0.096803636	-0.311512111	0.976764171	0.781750511	0.66981886	0.347123074	0.235045751	0.026137845	0.784062691	0.722235015	0.624104366	0.683833959
2003	9	0.647875427	0.544113241	0.511322606	0.538750185	0.404259514	0.248549762	0.879568527	0.671724278	0.571641765	0.28754646	0.171263997	-0.052927884	0.783264733	0.695000298	0.5509589	0.520850439
2003	10	-1.040107435	-1.198599172	-1.343322553	-0.352904476	-0.436534429	-0.793387502	-0.111691884	-0.157029093	-0.424906307	0.319416255	0.240810383	-0.030742108	0.525850006	0.394512296	0.179335208	0.428426352
2003	11	-1.066280999	-0.927124349	-1.400061233	-0.966272184	-0.86974427	-1.298449512	-0.817335869	-0.72818973	-1.178368887	0.129440797	0.123163135	-0.265452786	-0.034984207	-0.103874184	-0.473169264	0.24772186
2003	12	0.414821023	0.281745697	0.396933529	-0.604345484	-0.645461004	-0.876479897	-0.344294603	-0.393384508	-0.659848804	-0.012034968	-0.018047754	-0.225876432	-0.097600376	-0.133409575	-0.421002177	0.255835218
2004	1	-2.040364116	-2.145740746	-1.819714575	-1.046253813	-1.156210062	-1.298797227	-1.030537188	-1.141904022	-1.373666242	-0.893002501	-0.933332103	-1.255014942	-0.419493262	-0.383435616	-0.726069493	0.404916238
2004	2	-0.308019365	-0.405835575	-0.43916968	-0.707102167	-0.947654501	-0.965118414	-1.040152218	-1.4230994	-1.37678736	-1.008661314	-1.29716956	-1.368753823	-0.455202133	-0.49158475	-0.802058938	0.462913345
2004	3	-1.61166015	-1.781504811	-1.492260805	-1.792580079	-2.016622644	-1.641768403	-1.496717027	-2.124415032	-1.583945943	-1.279874041	-1.688547327	-1.501880005	-0.997816539	-1.232274338	-1.328632317	0.483723454
2004	4	-1.575234825	-1.374404167	-1.443620825	-1.482114892	-1.788108417	-1.43379848	-1.441455423	-1.873901318	-1.504991193	-1.429202352	-2.040314073	-1.555891434	-1.35485022	-1.874202016	-1.530329487	0.378666555
2004	5	1.200280101	1.085387595	0.845332102	-1.31278925	-1.40134762	-1.332029957	-1.165334221	-1.424855543	-1.304546351	-1.34217562	-1.821134863	-1.512410681	-1.306546313	-1.753595247	-1.505705295	0.346780595
2004	6	1.835104167	1.720830677	1.409920397	0.045729468	-0.058157064	-0.404555512	-1.592772988	-1.791897277	-1.516137195	-1.408847651	-1.842838872	-1.523837222	-1.215644075	-1.635415393	-1.456473295	0.191047893
2004	7	1.12160481	0.968603783	1.008228646	1.680081387	1.513740119	1.348002204	-0.889032159	-0.950857362	-1.002625961	-1.132500497	-1.355597024	-1.322580004	-1.140787273	-1.509951914	-1.398167096	0.223973267
2004	8	1.438163994	1.359233375	1.509646485	1.879885115	1.747411288	1.701562041	-0.603425177	-0.618827469	-0.807375934	-0.87419517	-1.033398441	-1.043490307	-1.100430939	-1.442712655	-1.34720753	0.247171521
2004	9	0.991327779	0.863507289	1.147462137	1.312536109	1.075614388	1.491335688	0.799927544	0.60737501	0.677438703	-1.057777224	-1.167947917	-1.118715652	-1.061556008	-1.317540611	-1.283237269	0.350327594
2004	10	1.272626194	1.195849725	1.482259918	1.726269416	1.528026074	1.922772896	1.95064133	1.819938987	1.837564161	0.084962413	0.045737612	-0.051898087	-0.576710921	-0.619955523	-0.85484055	0.519536338
2004	11	0.708976347	0.687003741	0.669595875	1.379202301	1.146764948	1.325792578	1.630892319	1.381598266	1.545186839	0.53847678	0.476449108	0.398726439	-0.218468052	-0.267696408	-0.436762693	0.499854264
2004	12	0.725955214	0.664286893	0.802604133	1.208004292	1.136941635	1.217075716	1.371888744	1.285371237	1.454280722	1.24583593	1.138642161	1.214532278	-0.124383424	-0.157179125	-0.314476992	0.496447647
2005	1	-0.737483988	-0.824890391	-0.972731574	0.234836544	0.156603663	0.053875061	0.828167789	0.756230418	0.873424436	1.107831609	1.015108114	1.125855435	0.151446482	0.10413839	0.058047604	0.574381376
2005	2	-0.991373292	-1.193346984	-1.128829869	-0.388020387	-0.588370623	-0.694481477	0.305401385	0.205740505	0.105748737	0.548247407	0.491501536	0.487815182	0.001082242	-0.047479487	-0.129379638	0.356617943
2005	3	-0.073352116	-0.201311093	-0.391965665	-0.960788844	-1.134743071	-1.1477425	0.10990082	-0.094727833	-0.300450233	0.349099369	0.23549316	0.117205806	0.324034202	0.262661089	0.12700315	0.427173301
2005	4	-1.014213982	-0.888845849	-1.20780064	-0.999820236	-1.251631106	-1.196397996	-0.3683584	-0.625011644	-0.789527672	0.127031763	-0.077641614	-0.263693211	0.370513392	0.247632499	0.056977491	0.304954388
2005	5	0.320921518	0.221600886	-0.401580663	-0.461836336	-0.57918849	-0.896956385	-0.552410959	-0.757636103	-0.912340323	0.051349873	-0.144056089	-0.406103421	0.25988042	0.103050508	-0.117896412	0.149998358
2005	6	-1.416782264	-1.223863798	-1.614137681	-0.951083668	-0.993228397	-1.340931761	-1.205398658	-1.391379263	-1.368369259	-0.119520208	-0.339752852	-0.656283985	0.127803991	-0.045136759	-0.308486043	0.088065088
2005	7	-0.783167684	-0.658814317	-1.481981935	-0.317780149	-0.317052847	-1.219789098	-1.160047792	-1.214467973	-1.379879049	-0.458511894	-0.638544334	-0.925917288	0.059434756	-0.122240744	-0.439988483	0.06088929
2005	8	0.208758194	0.232402001	-0.872555808	-0.710789001	-0.658113493	-1.583709764	-0.677695619	-0.684686956	-1.227416743	-0.656606266	-0.807407327	-1.080079929	-0.02334511	-0.204774027	-0.570350896	0.091962888
2005	9	-0.475338291	-0.501631012	-0.888470444	-0.495491501	-0.494445308	-1.317382551	-1.039091927	-0.879202234	-1.531598023	-1.274171785	-1.383365164	-1.479395902	-0.220736183	-0.400007458	-0.81175817	0.190194022
2005	10	0.191950675	0.078039165	-0.247000071	-0.156781056	-0.251006386	-0.803511201	-0.286044046	-0.324283655	-1.135971951	-1.18783857	-1.013781245	-1.508252958	-0.557124611	-0.60192953	-1.06919189	0.358336302
2005	11	-0.725528096	-0.61730542	-1.084059863	-0.52264208	-0.488156501	-0.956373546	-0.630317991	-0.566959837	-1.291586588	-0.901203902	-0.766999504	-1.442651375	-0.866591516	-0.846155284	-1.294685198	0.380458063
2005	12	-0.07835368	-0.325042641	-0.27763279	-0.346985693	-0.39226854	-0.601592306	-0.464436134	-0.510960961	-0.961612013	-0.774358282	-0.719114115	-1.3861931	-1.190766798	-1.103377055	-1.492425205	0.145355196
2006	1	0.466262603	0.394501493	0.311735269	-0.060136615	-0.145510711	-0.359297302	-0.14662841	-0.238946419	-0.630370687	-0.212843473	-0.270784379	-0.827125869	-0.742081492	-0.658927485	-1.193030591	0.519736165
2006	2	-0.525706337	-0.656748595	-0.657703242	-0.069604397	-0.229661032	-0.336407182	-0.319341838	-0.550546316	-0.771857774	-0.396720339	-0.594063417	-0.979563874	-0.592122507	-0.624824553	-1.121415198	0.579190129
2006	3	0.472580599	0.358866551	0.256088448	0.111096255	0.00188117	-0.150155091	-0.092565429	-0.35074144	-0.588732086	-0.187088457	-0.397708548	-0.786165837	-0.386700954	-0.541146662	-0.969266241	0.47725634
2006	4	0.504809205	0.424461456	0.404200649	0.035637281	-0.099391461	-0.226434502	-0.017931937	-0.216783318	-0.447756347	-0.081961648	-0.341416454	-0.661945984	-0.134723993	-0.373541717	-0.791923113	0.475277189
2006	5	-1.079455797	-1.157607423	-1.23948606	0.262718366	0.120682257	-0.121967096	0.015057182	-0.1394923	-0.294388353	-0.185015526	-0.428816891	-0.702654079	-0.247921002	-0.498906672	-0.867569845	0.352634473
2006	6	1.759654748	1.652522503	1.311174352	0.393323042	0.267350083	0.011510355	0.189103333	0.050537847	-0.134196115	-0.033889515	-0.23979735	-0.540373722	-0.125545922	-0.345201094	-0.726317838	0.392610623
2006	7	-1.089053425	-0.921661673	-1.117364512	-0.139600667	-0.153625888	-0.584980416	-0.05333364	-0.137870484	-0.356917494	-0.075175908	-0.23047832	-0.497475766	-0.132748149	-0.344647658	-0.702964287	0.130577217
2006	8	1.06867311	1.020572529	0.841664624	1.141814913	1.06230506	0.596332359	0.527669487	0.383805065	0.08227824	0.139996892	0.020192629	-0.145055048	-0.079123628	-0.268951555	-0.579053743	0.207803493
2006	9	0.497851759	0.404570191	0.214616129	0.495236882	0.366494058	0.069614104	0.492186004	0.358743788	0.059742398	0.258831435	0.142712077	-0.108492137	0.027328888	-0.129055798	-0.481691422	0.278117569
2006	10	0.861068764	0.770190102	0.632684617	1.055404894	0.894326854	0.755358861	0.731960833	0.651742745	0.372553894	0.405625869	0.312540677	0.026424505	0.198089363	0.093132452	-0.237858115	0.309529142
2006	11	0.992496565	0.944849927	0.983032313	1.098084487	0.905118131	0.881393188	1.187623826	0.999634621	0.92038323	1.066441841	0.932495904	0.706303225	0.541947959	0.410685932	0.237150582	0.77731979
2006	12	1.16948546	1.209460286	1.287360066	1.421244915	1.346620941	1.301109587	1.298743094	1.213829745	1.132732815	1.276829155	1.167145309	1.048610941	0.917979026	0.767329769	0.633385423	0.481018359
2007	1	-0.087737634	-0.16641808	-0.439993804	0.880310298	0.817586498	0.738305977	1.073362286	1.006544354	0.905334111	0.989539369	0.899932238	0.730888953	0.735021134	0.602351666	0.47124534	0.615748956
2007	2	-0.618759626	-0.763989872	-0.85387679	0.278401866	0.161893979	-0.134379179	0.67013501	0.64692253	0.346999297	0.773488016	0.75015257	0.453578559	0.764819817	0.695411467	0.481666284	0.355165566
2007	3	1.170639685	1.075090205	1.145457644	0.108659682	-0.00069775	-0.269277433	0.872226144	0.867046033	0.636770115	0.875470611	0.856777004	0.581298304	0.903942397	0.918231981	0.614090555	0.339613146
2007	4	0.540898033	0.45564457	0.434054218	0.375190276	0.277909223	0.077226745	0.745500462	0.670896576	0.472887951	0.913219267	0.912531219	0.672231255	0.877750039	0.870995354	0.549681838	0.410431034
2007	5	1.190373002	1.075661288	1.058026017	1.24974791	1.073142402	1.124712597	0.734444976	0.642869919	0.411698027	0.968294482	0.958121917	0.716717403	1.040766149	1.02774677	0.79134959	0.571266694
2007	6	-1.6940501	-1.475395846	-1.492011779	0.753918059	0.60510684	0.290693465	0.309171174	0.174489312	-0.145886365	0.948506397	0.904467705	0.630481965	0.945931548	0.922091775	0.587762962	0.403140538
2007	7	-0.433992576	-0.359421193	-0.796159445	0.529087338	0.459301406	-0.123664761	0.466781134	0.36770338	0.046736775	0.798802706	0.698672699	0.439950869	0.959051769	0.916560969	0.609071278	0.382876259
2007	8	-0.934510642	-0.815597164	-1.175263131	-1.43068077	-1.32729036	-1.412736452	0.988998681	0.792592918	0.488202921	0.621194875	0.519476313	0.194800839	0.883075281	0.835936756	0.473654097	0.327232624
2007	9	-0.958249921	-0.951987541	-0.921192619	-1.155623316	-1.069251897	-1.218637899	-0.012563227	-0.049059425	-0.42476713	0.046029763	-0.068873372	-0.409054737	0.752032914	0.66094225	0.297994788	0.307193666
2007	10	0.967090631	0.879857664	0.821161823	0.24016309	0.124227869	-0.117772357	0.3561889	0.291535355	-0.035659182	0.484730798	0.378362223	0.044764497	0.855270324	0.697529103	0.439225735	0.284735156
2007	11	-0.403409116	-0.324475593	-0.543791944	0.063772867	0.016173087	-0.202051717	-0.217590909	-0.211199401	-0.589058833	0.721794388	0.634785146	0.300084891	0.580127615	0.444740935	0.098311603	0.384374853
2007	12	-0.036715203	-0.273686546	-0.393882748	0.185695336	0.131726125	-0.040746992	-0.150373775	-0.20358616	-0.465639597	0.094081187	0.079534525	-0.187149305	0.087946439	0.031223406	-0.336056401	0.280543425
2008	1	0.165997983	0.090572736	-0.178738939	-0.12610651	-0.213149357	-0.515993538	-0.057389498	-0.147743325	-0.50287796	0.027944436	-0.036158872	-0.442381469	0.170376374	0.120298013	-0.193110468	0.70815478
2008	2	-0.342490051	-0.445570966	-0.560915488	-0.12428026	-0.291274206	-0.555191127	-0.120546509	-0.309714983	-0.613938692	-0.251901827	-0.427593405	-0.807496685	0.286512539	0.230127455	-0.088543696	0.401856628
2008	3	-1.77258014	-1.946850879	-1.485744953	-0.813306172	-0.978392062	-1.048813641	-0.424007209	-0.769742895	-0.935429946	-0.587472094	-0.870835576	-1.070220239	-0.403366024	-0.559999188	-0.875849399	0.437331479
2008	4	-1.065780784	-0.933463462	-1.02880539	-1.434346394	-1.734970268	-1.380500466	-0.823502004	-1.154786963	-1.157030098	-0.71456451	-1.139483979	-1.148528264	-0.645679653	-1.002250347	-1.124222617	0.420896008
2008	5	-1.039427075	-1.118121661	-1.109829791	-1.999570235	-2.065171537	-1.506812442	-0.928758767	-1.167333976	-1.154651598	-0.778371716	-1.142945514	-1.152821214	-0.874137491	-1.241225144	-1.254681736	0.158183306
2008	6	0.31835217	0.347798901	-0.345962501	-1.387106138	-1.40236556	-1.293316909	-1.189257446	-1.374691488	-1.279712993	-0.712212674	-1.030943979	-1.13081625	-0.850646729	-1.203574558	-1.237179546	0.131646714
2008	7	-0.859828668	-0.724637141	-0.935959234	-0.952618093	-0.899552662	-1.129782301	-1.761653613	-1.799696737	-1.522088351	-1.003900134	-1.218789508	-1.263177353	-0.865661972	-1.192020892	-1.240681722	0.161414486
2008	8	0.024189406	0.063170025	-0.487458141	-0.252050083	-0.23194599	-0.843577061	-2.08912701	-1.936716695	-1.591673326	-0.994711	-1.158563867	-1.222845355	-0.836332215	-1.139317682	-1.206757711	0.169573319
2008	9	-0.325126151	-0.361624077	-0.499866951	-0.467270284	-0.469892122	-0.806684499	-1.323512694	-1.109341778	-1.29045565	-1.252682088	-1.361972042	-1.318125534	-0.793204457	-1.024774679	-1.178944235	0.067339956
2008	10	0.772080356	0.678136444	0.592109712	0.399999681	0.275180104	0.057380304	-0.042451503	-0.090598899	-0.429048159	-1.413176794	-1.201411212	-1.384005827	-0.940460801	-0.954722458	-1.246889047	0.100300101
2008	11	-1.143218099	-0.997081459	-1.19929554	-0.234584582	-0.240427415	-0.482753143	-0.285527605	-0.269757684	-0.630322724	-1.651555723	-1.4152769	-1.559628891	-1.070875944	-1.028484754	-1.282891097	0.133571532
2008	12	-0.124289673	-0.381691713	-0.479351384	-0.203264323	-0.25086271	-0.420843041	-0.334867235	-0.384158159	-0.640423584	-0.775484726	-0.720150108	-1.057150708	-1.096447534	-1.019680394	-1.28111192	0.226818139
2009	1	0.530058059	0.459083046	0.449576594	-0.146394641	-0.233949223	-0.416955984	-0.013192628	-0.102567531	-0.354295001	-0.173597179	-0.232546806	-0.548223247	-0.920854707	-0.811617053	-1.127279172	0.221830887
2009	2	0.056859276	0.014780529	0.125336566	0.191856057	0.06460868	0.004106419	0.018658631	-0.141002181	-0.278924941	-0.024109656	-0.165639057	-0.399885625	-0.771587554	-0.799460174	-0.984740275	0.321810391
2009	3	1.058681707	0.960220003	1.066745184	0.661692915	0.585064236	0.63364572	0.366249538	0.228510856	0.075279055	0.249546854	0.118052835	-0.115936725	-0.022561888	-0.129082936	-0.345759979	0.733574164
2009	4	1.108641453	0.946211815	1.0028402	0.863505451	0.820746075	0.860487822	0.402972031	0.272611019	0.143309921	0.43743042	0.313095079	0.108692629	0.326068547	0.193037873	-0.07030236	0.439385242
2009	5	0.775980061	0.668708573	0.659340465	1.313451454	1.134622305	1.292440764	0.70223309	0.607828387	0.596894293	0.500854493	0.396106536	0.228026483	0.457005027	0.336380419	0.085653953	0.504845839
2009	6	-0.348421951	-0.255848686	-0.6000216	1.096012569	0.925560866	0.801945219	0.9164048	0.801773409	0.816445743	0.56234426	0.454632652	0.278742072	0.441755728	0.325852453	0.08445994	0.568820697
2009	7	1.258475851	1.085148174	0.546426017	0.776129534	0.685663275	0.29919883	1.029936717	0.915195386	0.858521278	0.488976266	0.369290337	0.221975732	0.514625168	0.403225692	0.178821799	0.378060958
2009	8	1.072469015	1.024051629	0.482752958	0.906156258	0.843531223	0.085552273	1.479934201	1.227683157	1.184264787	0.794324834	0.699185167	0.614176107	0.580972812	0.489025406	0.274787233	0.359610354
2009	9	-0.146277583	-0.19495382	-1.457135572	0.513978636	0.382760273	-0.595808545	1.007185464	0.774841516	0.234008293	0.936172859	0.816495214	0.568032511	0.601664424	0.496974459	0.133185235	0.319453799
2009	10	1.017330286	0.931822059	0.810235422	0.925412357	0.771519446	0.050598067	0.969476049	0.879433761	0.28508638	1.313700473	1.068323828	0.789099335	0.726220386	0.578813263	0.283129195	0.139575283
2009	11	2.276669159	2.112953517	1.925317972	1.772003825	1.484402087	1.383680604	1.701527889	1.442463078	1.204501724	2.201737619	1.913330739	1.581253409	1.43419299	1.206744449	1.128415768	0.129553616
2009	12	0.786468625	0.7386856	0.834382088	1.790838529	1.710020678	1.696165811	1.617438955	1.525528073	1.363017864	1.789384605	1.638524763	1.406985073	1.617247057	1.387683847	1.361103218	0.729252861
2010	1	0.976842603	0.911374318	0.853288351	1.63946958	1.594977621	1.745150681	1.670375004	1.615973302	1.566040011	1.707895064	1.599342445	1.473167155	1.721684818	1.444983084	1.404287485	0.68846659
2010	2	0.262598876	0.251774969	0.045049759	0.904359736	0.865927949	0.754942069	1.476820941	1.622691378	1.472421277	1.517992568	1.605001315	1.39603713	1.860002284	1.760932648	1.513460168	0.524317514
2010	3	0.204441321	0.08384781	-0.24312482	0.651342828	0.574098072	0.283153426	1.425167178	1.564813865	1.693316873	1.393618893	1.468351069	1.311928959	1.550093564	1.648646038	1.327331067	0.492038625
2010	4	-0.391485866	-0.350249991	-0.6983997	0.057313708	-0.075275321	-0.42554263	1.095392917	1.077792828	1.028634345	1.200048004	1.273888222	0.990638316	1.270855238	1.354100914	1.019142006	0.781957737
2010	5	-0.831034401	-0.912619661	-1.205536916	-0.293960471	-0.41698135	-0.817475515	0.56485729	0.458392144	0.130194818	1.0874329	1.101362743	0.742028493	1.130851529	1.13443711	0.724132259	0.590471286
2010	6	-0.144638755	-0.071426816	-0.571385764	-0.849377662	-0.897816263	-1.189300837	0.336767524	0.202984622	-0.228139623	1.175952121	1.169413497	0.978923794	1.1612901	1.176779303	0.744253997	0.537884472
2010	7	-0.514449502	-0.428349156	-1.659861141	-0.93766511	-0.885826865	-1.463504897	-0.195855636	-0.276567249	-0.791919289	0.995572275	0.907884525	0.635497422	1.103396899	1.0832899	0.58838969	0.25380233
2010	8	-0.999600822	-0.875292261	-1.742547069	-0.936774738	-0.868124666	-1.673276686	-0.547974584	-0.569656923	-1.187306056	0.474459587	0.367182461	-0.113638406	1.029075525	1.003594965	0.446303442	0.211302013
2010	9	-0.346949503	-0.381963114	-0.788671987	-0.719596288	-0.68947505	-1.577621302	-1.091532665	-0.921629335	-1.532943851	0.139661652	0.024241461	-0.560774631	1.020965163	0.95421604	0.499008941	0.35877517
2010	10	-0.230861173	-0.359904813	-0.712613265	-0.697489556	-0.762461034	-1.279731131	-0.930067797	-0.942037684	-1.658445378	-0.534428985	-0.46983186	-1.14535093	0.845813679	0.688829407	0.27558403	0.388709954
2010	11	-0.086588019	-0.03651809	-0.096368323	-0.424380875	-0.403651189	-0.735139499	-0.584536511	-0.527494415	-1.137792578	-0.741577953	-0.629114267	-1.285984873	0.266276034	0.164836321	-0.375440079	0.290585893
2010	12	0.708959772	0.643391049	0.906923156	0.250979642	0.195906911	0.230504457	-0.004330913	-0.060621195	-0.360298326	-0.311455549	-0.293409498	-0.738117727	0.193096574	0.124452705	-0.337648405	0.363515844
2011	1	0.372133082	0.299215266	0.647575482	0.491127876	0.419025597	0.685671232	0.158437428	0.072637928	0.043665137	-0.0042715	-0.067547718	-0.277605117	-0.028573933	-0.04956945	-0.339243732	0.489289982
2011	2	0.488125078	0.51162624	0.705688581	0.685406197	0.619638206	1.032620413	0.374173486	0.288907889	0.45587071	0.267441385	0.169116062	0.10746139	0.08416628	0.033339285	-0.109913514	0.681183681
2011	3	0.744678973	0.638036172	1.006239029	0.656516304	0.579579487	1.028985042	0.585130127	0.504694698	0.882917397	0.424212671	0.324127049	0.374077722	0.23430171	0.161251603	0.099166897	0.731738848
2011	4	0.938701414	0.799372857	1.188909218	0.885405514	0.845093101	1.284286156	0.779991528	0.711007758	1.275097653	0.557366097	0.464176562	0.734256596	0.448072303	0.342921767	0.403759624	0.793849801
2011	5	0.59699902	0.492875275	0.97296222	0.985106402	0.81773032	1.476761962	0.917067292	0.841539064	1.462643183	0.635326817	0.557774219	0.978549514	0.546076201	0.441852405	0.624325647	0.673138815
2011	6	-1.263162514	-1.084556078	-1.64750421	0.791934475	0.640718393	0.933164452	0.80941628	0.691230019	1.208694982	0.689683007	0.602959782	1.061656673	0.532449724	0.433089157	0.581670021	0.709517676
2011	7	0.959714978	0.830710373	1.441316059	0.404542701	0.345175473	0.551332136	0.953533101	0.840910415	1.292661901	0.816279409	0.717254287	1.274705232	0.58315122	0.482367356	0.804950768	0.723791268
2011	8	-0.144130602	-0.091087109	-1.068441237	-0.118238269	-0.107662452	-0.534700297	0.912291091	0.724614283	1.130700941	0.899715209	0.808585329	1.281484662	0.618252291	0.531831523	0.855132642	0.617198489
2011	9	0.649643664	0.545757857	0.987762073	0.573330347	0.434271063	0.761010891	0.819971961	0.623570543	1.029192152	0.851206	0.731956563	1.237952913	0.7346291	0.641963706	1.094129534	0.514920682
2011	10	0.026182922	-0.093457914	0.036064776	0.182940462	0.070194484	0.296072361	0.260280367	0.199608758	0.565382242	0.917670101	0.738662295	1.218985786	0.858926806	0.700892918	1.274516211	0.587349326
2011	11	0.784808864	0.755967456	0.973945816	0.562720181	0.444957439	0.881725602	0.435130293	0.351265658	0.629882389	0.977744506	0.855874321	1.270173275	1.032661212	0.848461367	1.443719414	0.688856514
2011	12	1.627373107	1.771912794	2.360908669	1.361900666	1.288268581	1.587967018	1.270140054	1.185853734	1.556588917	1.373314433	1.255879135	1.576813409	1.316411918	1.120790325	1.695095849	0.724187169
2012	1	-0.059034334	-0.137322439	-0.080215723	1.116251008	1.059211611	1.420927715	0.97774489	0.90893104	1.341900945	0.983151671	0.893712829	1.333719128	1.167330587	0.971524076	1.462588659	0.698851619
2012	2	0.411559519	0.423404775	0.580341735	0.966670927	0.936016115	1.310339722	0.998256582	1.043864065	1.597406494	0.945067215	0.947182195	1.403488732	1.209127873	1.127684689	1.56211294	0.600562774
2012	3	-1.458693083	-1.624347923	-1.183881418	-0.415103284	-0.556197795	-0.351550206	0.521508953	0.42440468	0.897909146	0.564940259	0.490219906	1.005996267	0.690775824	0.677241247	1.148711707	0.707753335
2012	4	1.732398875	1.485139902	1.79580849	0.28016755	0.1723134	0.441207068	0.849930599	0.792343194	1.325590246	0.801677574	0.771993498	1.392401981	0.828747362	0.810767963	1.424487989	0.681460589
2012	5	0.043552233	-0.050990272	0.256078168	0.075537373	-0.05984127	0.173756141	0.759243998	0.669847672	1.096208827	0.802563583	0.758853224	1.444429449	0.762546911	0.698226614	1.280215698	0.73417122
2012	6	0.560720327	0.567212657	0.896285207	1.483295972	1.288309886	1.909076232	0.138657474	-0.001523293	0.34825964	0.80482234	0.737086574	1.437798466	0.825400801	0.779542454	1.483188363	0.663397075
2012	7	-0.095787075	-0.070010254	-0.011230661	0.05967344	0.029121187	0.439627223	0.246517545	0.15363224	0.535947782	0.842634035	0.745275206	1.29393325	0.788424483	0.719468629	1.353051966	0.723900508
2012	8	0.389979769	0.398523564	0.46995749	0.280412926	0.262563694	0.534625792	0.090981419	-0.002986985	0.338857902	0.777807736	0.682039867	1.127110305	0.822894891	0.766828177	1.429411691	0.566616282
2012	9	1.264397905	1.117373506	1.383440072	0.965890364	0.774913797	1.109286353	1.539514688	1.204994216	1.791633793	0.342463648	0.225874126	0.603835032	0.919493658	0.843559596	1.492430945	0.468512711
2012	10	0.248192773	0.136202922	0.309572085	0.823987288	0.675700014	1.116405128	0.615584827	0.54018263	1.0426081	0.554648261	0.436541699	0.919907783	1.058363412	0.88437498	1.502292766	0.558702116
2012	11	0.794289132	0.764589098	1.036728033	0.935704033	0.765539833	1.19036295	0.841907041	0.701738153	1.148207047	0.651077791	0.573704229	1.05589089	1.062877484	0.875421874	1.445750553	0.715449809
2012	12	1.219487972	1.270900145	1.738012596	1.136831684	1.066956147	1.423114224	1.200180872	1.11742762	1.504502769	1.543910542	1.412770747	1.728235438	0.817518705	0.678216731	1.204986654	0.50051515
2013	1	0.967634869	0.902053544	0.999450861	1.352446518	1.301082981	1.641528036	1.389930891	1.329708572	1.81231253	1.324359888	1.225930384	1.70030879	1.125198799	0.935542479	1.415774693	0.583707737
2013	2	0.345628968	0.347438806	0.40832712	1.146604434	1.138395548	1.442145267	1.302955216	1.41241596	1.902067614	1.280502377	1.332339414	1.863394512	1.169410501	1.089042376	1.502818739	0.518873478
2013	3	0.910382523	0.808058069	1.009585437	0.964382025	0.90577971	1.056504532	1.256184782	1.351596938	2.125025847	1.317989112	1.379093784	2.173825144	1.564676734	1.665129499	2.092847921	0.685365473
2013	4	-0.282336842	-0.255880924	-0.33005374	0.494073186	0.410047222	0.495616624	1.112493694	1.097678397	1.590570781	1.191520169	1.263145461	2.031565854	1.176713409	1.238414462	1.928848675	0.584919373
2013	5	0.808494073	0.70064693	1.107414942	0.633218574	0.478127726	0.652200612	1.130000031	1.073178508	1.417202236	1.242148167	1.287365689	2.021526904	1.223918055	1.244653486	2.026549518	0.428469282
2013	6	1.012365612	0.97603419	1.155081135	0.281869128	0.16297468	0.413804441	0.931894613	0.817778085	1.057454762	1.210855524	1.210069551	1.980566726	1.272259195	1.308004538	2.061163897	0.535830637
2013	7	1.407533721	1.212031534	1.637488456	1.199910254	1.073919234	1.553276134	0.788933674	0.680879219	0.956995135	1.276196735	1.206246916	1.767238798	1.333933157	1.349557308	2.165759516	0.626235484
2013	8	2.266540152	2.118542373	2.225474201	2.109011043	1.960065796	2.193980448	1.220859666	0.998077482	1.580682306	1.401766542	1.329730084	1.722824794	1.48076989	1.522243339	2.267908645	0.666072531
2013	9	0.456510784	0.366114699	0.503043204	1.387889926	1.140965862	1.625907768	0.999045553	0.768264175	1.285552485	1.183287953	1.062369686	1.383066856	1.391702178	1.358492681	2.076978878	0.573209291
2013	10	0.792611774	0.69937544	1.010645847	1.34161172	1.164700694	1.652769709	1.458044657	1.347782174	1.759627687	1.295638111	1.053287381	1.440970385	1.651534827	1.430132128	2.014494772	0.622460219
2013	11	-0.408474644	-0.329080084	-0.088477654	0.349470806	0.261690025	0.538087511	0.891540193	0.744504541	1.188396143	1.074647643	0.939584639	1.309210587	1.441156427	1.212958023	1.680922614	0.738029585
2013	12	0.613586273	0.526126135	0.759153393	0.518787725	0.459218423	0.785525717	0.852571113	0.777428114	1.178663954	0.827499607	0.753928421	1.181937394	1.137973508	0.962488077	1.371917042	0.713888834
2014	1	0.974123935	0.908622276	1.027767164	0.689087091	0.621751898	0.83484956	1.025755908	0.957944381	1.356417209	1.181081036	1.086427664	1.552778346	1.11735003	0.92883949	1.333142818	0.785280399
2014	2	0.223390175	0.206603085	0.228844013	0.806143176	0.75545016	0.915543877	0.775873714	0.774842813	1.056757217	1.029812472	1.044494176	1.503493448	1.144482646	1.064789288	1.414622019	0.467461539
2014	3	0.429315771	0.314483173	0.419286074	0.717453486	0.644144588	0.747876803	0.763649309	0.730007206	1.082427473	0.956449967	0.952366267	1.491250641	0.960322869	0.981970187	1.359715854	0.737241015
2014	4	0.172929374	0.137682679	0.228478111	0.315533098	0.211611182	0.302178261	0.593026951	0.493584621	0.702134278	0.851898601	0.835270388	1.304627165	0.989739902	1.008634334	1.605700311	0.651726975
2014	5	0.587787912	0.48382529	0.843625416	0.426987297	0.279137332	0.459671383	0.770870579	0.682495777	0.924281859	0.742172226	0.686240005	1.056225109	0.949135548	0.919222535	1.525697917	0.743111119
2014	6	-0.385013877	-0.288971487	-0.129263848	0.224231485	0.10900339	0.304698653	0.687261695	0.565022017	0.745736884	0.731146954	0.651260879	1.028409553	0.916375344	0.887136533	1.412552485	0.587349884
2014	7	1.557738929	1.339853549	1.358439489	0.749277944	0.661060396	0.84155334	0.47031823	0.371141498	0.540069522	0.677163448	0.569346691	0.844170964	0.927071638	0.879620798	1.370175032	0.693266408
2014	8	0.224253406	0.24660731	0.555349158	0.6014882	0.560676813	0.653635888	0.524039767	0.380589298	0.647013256	0.825620286	0.731671097	0.997669859	0.792259951	0.731648367	1.119120286	0.65504802
2014	9	1.663073706	1.487876847	1.788576955	1.56760818	1.296805399	1.759255328	1.09181664	0.843227309	1.326954093	1.018963203	0.898869583	1.177970427	0.980269752	0.909837075	1.382850144	0.622197934
2014	10	-0.138505018	-0.264179835	-0.175217877	0.778592376	0.632814308	1.158517842	0.848767235	0.76371739	1.219653853	0.734610402	0.58630383	0.939720678	0.875489102	0.716129637	1.148441144	0.864381772
2014	11	-0.065954002	-0.01776551	0.088095134	0.493758844	0.385690011	0.686429066	0.538506682	0.440328524	0.783833372	0.64812053	0.571149953	0.909814413	0.935734012	0.76198018	1.135649047	0.779634303
2014	12	-1.771065891	-2.411792006	-1.618078274	-1.170590215	-1.202540818	-1.100891784	-0.313230067	-0.362982177	-0.172770749	-0.245448467	-0.232708855	0.069765506	0.280187024	0.201673676	0.419100571	0.556840184
2015	1	0.306640304	0.232921094	0.253638441	-0.652672731	-0.752862397	-0.804263881	-0.254356086	-0.349026969	-0.254641109	-0.107128745	-0.16778226	0.026826945	0.037387143	0.006768045	0.241460332	0.639536417
2015	2	-0.467303422	-0.589436452	-0.4532156	-0.725416508	-0.968273556	-0.895334748	-0.393004945	-0.639756767	-0.501568471	-0.31973776	-0.505576984	-0.353903881	-0.149439007	-0.194006648	0.076383897	0.660356084
2015	3	-0.693756422	-0.838648167	-0.687095368	-0.423233342	-0.564819014	-0.457461016	-0.867244635	-1.329573923	-0.990837169	-0.446249437	-0.703998463	-0.554259083	-0.400318852	-0.556552078	-0.31565801	0.685905546
2015	4	-0.366199939	-0.328387505	-0.189422603	-0.816497295	-1.047716274	-0.734019379	-0.841210904	-1.175395037	-0.950428065	-0.574738291	-0.96318629	-0.688133542	-0.473635768	-0.79064113	-0.50038763	0.672911087
2015	5	1.792713579	1.66674957	2.201651999	-0.047817599	-0.17906674	-0.002717358	-0.619309979	-0.830470355	-0.676622115	-0.362956543	-0.643070984	-0.457096781	-0.305161469	-0.566797123	-0.356302648	0.671683267
2015	6	0.902625537	0.876699755	0.876159586	0.816210708	0.663459043	1.039424485	-0.130920439	-0.280334036	-0.069388296	-0.629238495	-0.934225571	-0.707270047	-0.26327916	-0.508354485	-0.282590405	0.754709243
2015	7	0.707326493	0.615624682	0.345322827	1.702518169	1.534288523	1.714437638	-0.274785344	-0.353363609	-0.112485641	-0.553282162	-0.739386853	-0.608800319	-0.315736028	-0.556328371	-0.339805821	0.780681777
2015	8	1.049311384	1.00282675	1.193101512	1.080123152	1.005034529	1.022400028	0.211040336	0.103333746	0.360403796	-0.498523244	-0.643204316	-0.464978424	-0.265311138	-0.483090092	-0.255951027	0.75006809
2015	9	0.324318136	0.243141974	NA	0.638732167	0.491030284	NA	0.874973199	0.668011236	NA	0.004194215	-0.110539191	NA	-0.508014632	-0.713591466	NA	0.809707575
2015	10	-0.77276677	-0.921497697	NA	-0.304392795	-0.390647086	NA	0.582704929	0.508663913	NA	-0.445191915	-0.395556815	NA	-0.695852259	-0.729604037	NA	0.622358285
2015	11	0.774375107	0.746478704	NA	0.041969861	-0.002564109	NA	0.298545638	0.233595849	NA	0.121467786	0.116276113	NA	-0.494511019	-0.514081333	NA	0.658974902
2015	12	0.793172049	0.746926922	NA	0.467369931	0.408661059	NA	0.548132616	0.479660321	NA	0.728451936	0.662846292	NA	0.202382814	0.132686393	NA	0.574151655
